    igrf2020s
  8  6371.2 2025.0
5.7
7.4
-25.9
-11
-7
-30.2
-2.1
-22.4
2.2
-5.9
6
3.1
-1.1
-12
0.5
-1.2
-1.6
-0.1
-5.9
6.5
5.2
3.6
-5.1
-5
-0.3
0.5
0
-0.6
2.5
0.2
-0.6
1.3
3
0.9
0.3
-0.5
-0.3
0
0.4
-1.6
1.3
-1.3
-1.4
0.8
0
0
0.9
1
-0.1
-0.2
0.6
0
0.6
0.7
-0.8
0.1
-0.2
-0.5
-1.1
-0.8
0.1
0.8
0.3
0
0.1
-0.2
-0.1
0.6
0.4
-0.2
-0.1
0.5
0.4
-0.3
0.3
-0.4
-0.1
0.5
0.4
0
0
0
0
0
0
0
0
0
0
0
0
0
0
0
0
0
0
0
0
0
0
0
0
0
0
0
0
0
0
0
0
0
0
0
0
0
0
0
0
0
0
0
0
0
0
0
0
0
0
0
0
0
0
0
0
0
0
0
0
0
0
0
0
0
0
0
0
0
0
0
0
0
0
0
0
0
0
0
0
0
0
0
0
0
0
0
0
0
0
0
0
0
0
0
0
0
0
0
0
0
0
0
0
0
0
0
0
0
0
0
0
0
0
0
0
